-0.053033	0.071967	0.000000
-0.052637	0.071574	0.000000
-0.052241	0.071187	0.000000
-0.051845	0.070805	0.000000
-0.051449	0.070429	0.000000
-0.051053	0.070058	0.000000
-0.050657	0.069693	0.000000
-0.050261	0.069333	0.000000
-0.049865	0.068978	0.000000
-0.049469	0.068628	0.000000
-0.049073	0.068283	0.000000
-0.048677	0.067943	0.000000
-0.048281	0.067607	0.000000
-0.047885	0.067276	0.000000
-0.047489	0.066950	0.000000
-0.047093	0.066628	0.000000
-0.046697	0.066311	0.000000
-0.046301	0.065998	0.000000
-0.045905	0.065689	0.000000
-0.045509	0.065385	0.000000
-0.045113	0.065085	0.000000
-0.044717	0.064789	0.000000
-0.044321	0.064497	0.000000
-0.043925	0.064209	0.000000
-0.043529	0.063924	0.000000
-0.043133	0.063644	0.000000
-0.042737	0.063368	0.000000
-0.042341	0.063095	0.000000
-0.041945	0.062826	0.000000
-0.041549	0.062560	0.000000
-0.041153	0.062299	0.000000
-0.040757	0.062041	0.000000
-0.040361	0.061786	0.000000
-0.039965	0.061535	0.000000
-0.039569	0.061287	0.000000
-0.039173	0.061043	0.000000
-0.038777	0.060802	0.000000
-0.038381	0.060565	0.000000
-0.037985	0.060330	0.000000
-0.037589	0.060099	0.000000
-0.037193	0.059872	0.000000
-0.036797	0.059647	0.000000
-0.036401	0.059426	0.000000
-0.036005	0.059207	0.000000
-0.035609	0.058992	0.000000
-0.035213	0.058780	0.000000
-0.034817	0.058571	0.000000
-0.034421	0.058365	0.000000
-0.034025	0.058162	0.000000
-0.033629	0.057962	0.000000
-0.033233	0.057765	0.000000
-0.032837	0.057570	0.000000
-0.032441	0.057379	0.000000
-0.032045	0.057190	0.000000
-0.031649	0.057005	0.000000
-0.031253	0.056822	0.000000
-0.030857	0.056642	0.000000
-0.030461	0.056464	0.000000
-0.030065	0.056290	0.000000
-0.029669	0.056118	0.000000
-0.029273	0.055948	0.000000
-0.028877	0.055782	0.000000
-0.028481	0.055618	0.000000
-0.028085	0.055457	0.000000
-0.027689	0.055298	0.000000
-0.027293	0.055142	0.000000
-0.026897	0.054989	0.000000
-0.026501	0.054838	0.000000
-0.026105	0.054690	0.000000
-0.025709	0.054544	0.000000
-0.025313	0.054401	0.000000
-0.024917	0.054260	0.000000
-0.024521	0.054122	0.000000
-0.024125	0.053986	0.000000
-0.023729	0.053853	0.000000
-0.023333	0.053722	0.000000
-0.022937	0.053593	0.000000
-0.022541	0.053467	0.000000
-0.022145	0.053344	0.000000
-0.021749	0.053223	0.000000
-0.021353	0.053104	0.000000
-0.020957	0.052987	0.000000
-0.020561	0.052873	0.000000
-0.020165	0.052762	0.000000
-0.019769	0.052652	0.000000
-0.019373	0.052545	0.000000
-0.018977	0.052440	0.000000
-0.018581	0.052338	0.000000
-0.018185	0.052238	0.000000
-0.017789	0.052140	0.000000
-0.017392	0.052045	0.000000
-0.016996	0.051951	0.000000
-0.016600	0.051860	0.000000
-0.016204	0.051771	0.000000
-0.015808	0.051685	0.000000
-0.015412	0.051601	0.000000
-0.015016	0.051519	0.000000
-0.014620	0.051439	0.000000
-0.014224	0.051361	0.000000
-0.013828	0.051286	0.000000
-0.013432	0.051213	0.000000
-0.013036	0.051142	0.000000
-0.012640	0.051073	0.000000
-0.012244	0.051006	0.000000
-0.011848	0.050942	0.000000
-0.011452	0.050880	0.000000
-0.011056	0.050819	0.000000
-0.010660	0.050761	0.000000
-0.010264	0.050706	0.000000
-0.009868	0.050652	0.000000
-0.009472	0.050601	0.000000
-0.009076	0.050551	0.000000
-0.008680	0.050504	0.000000
-0.008284	0.050459	0.000000
-0.007888	0.050416	0.000000
-0.007492	0.050375	0.000000
-0.007096	0.050336	0.000000
-0.006700	0.050300	0.000000
-0.006304	0.050265	0.000000
-0.005908	0.050233	0.000000
-0.005512	0.050203	0.000000
-0.005116	0.050175	0.000000
-0.004720	0.050149	0.000000
-0.004324	0.050125	0.000000
-0.003928	0.050103	0.000000
-0.003532	0.050083	0.000000
-0.003136	0.050066	0.000000
-0.002740	0.050050	0.000000
-0.002344	0.050037	0.000000
-0.001948	0.050025	0.000000
-0.001552	0.050016	0.000000
-0.001156	0.050009	0.000000
-0.000760	0.050004	0.000000
-0.000364	0.050001	0.000000
0.000032	0.050000	0.000000
0.000428	0.050005	0.000000
0.000824	0.050018	0.000000
0.001220	0.050039	0.000000
0.001616	0.050068	0.000000
0.002012	0.050106	0.000000
0.002408	0.050152	0.000000
0.002804	0.050207	0.000000
0.003200	0.050270	0.000000
0.003596	0.050342	0.000000
0.003992	0.050422	0.000000
0.004388	0.050511	0.000000
0.004784	0.050609	0.000000
0.005180	0.050716	0.000000
0.005576	0.050832	0.000000
0.005972	0.050958	0.000000
0.006368	0.051093	0.000000
0.006764	0.051238	0.000000
0.007160	0.051391	0.000000
0.007556	0.051546	0.000000
0.007952	0.051700	0.000000
0.008348	0.051855	0.000000
0.008744	0.052009	0.000000
0.009140	0.052164	0.000000
0.009536	0.052318	0.000000
0.009932	0.052473	0.000000
0.010328	0.052627	0.000000
0.010724	0.052782	0.000000
0.011120	0.052936	0.000000
0.011516	0.053091	0.000000
0.011912	0.053245	0.000000
0.012308	0.053400	0.000000
0.012704	0.053554	0.000000
0.013100	0.053709	0.000000
0.013496	0.053863	0.000000
0.013892	0.054017	0.000000
0.014288	0.054172	0.000000
0.014684	0.054326	0.000000
0.015080	0.054480	0.000000
0.015476	0.054634	0.000000
0.015872	0.054789	0.000000
0.016268	0.054943	0.000000
0.016664	0.055097	0.000000
0.017060	0.055251	0.000000
0.017456	0.055405	0.000000
0.017852	0.055559	0.000000
0.018248	0.055713	0.000000
0.018644	0.055867	0.000000
0.019040	0.056020	0.000000
0.019436	0.056174	0.000000
0.019832	0.056328	0.000000
0.020228	0.056481	0.000000
0.020624	0.056635	0.000000
0.021020	0.056788	0.000000
0.021416	0.056942	0.000000
0.021812	0.057095	0.000000
0.022208	0.057248	0.000000
0.022604	0.057401	0.000000
0.023000	0.057554	0.000000
0.023396	0.057707	0.000000
0.023792	0.057860	0.000000
0.024188	0.058013	0.000000
0.024584	0.058166	0.000000
0.024980	0.058318	0.000000
0.025376	0.058471	0.000000
0.025772	0.058623	0.000000
0.026168	0.058776	0.000000
0.026564	0.058928	0.000000
0.026960	0.059080	0.000000
0.027356	0.059232	0.000000
0.027752	0.059384	0.000000
0.028148	0.059536	0.000000
0.028544	0.059687	0.000000
0.028940	0.059839	0.000000
0.029336	0.059990	0.000000
0.029732	0.060142	0.000000
0.030128	0.060293	0.000000
0.030524	0.060444	0.000000
0.030920	0.060595	0.000000
0.031316	0.060746	0.000000
0.031712	0.060897	0.000000
0.032108	0.061048	0.000000
0.032504	0.061198	0.000000
0.032900	0.061349	0.000000
0.033296	0.061499	0.000000
0.033692	0.061650	0.000000
0.034088	0.061800	0.000000
0.034484	0.061950	0.000000
0.034880	0.062100	0.000000
0.035276	0.062250	0.000000
0.035672	0.062400	0.000000
0.036068	0.062550	0.000000
0.036464	0.062699	0.000000
0.036860	0.062849	0.000000
0.037256	0.062998	0.000000
0.037652	0.063148	0.000000
0.038048	0.063297	0.000000
0.038444	0.063446	0.000000
0.038840	0.063595	0.000000
0.039236	0.063744	0.000000
0.039632	0.063893	0.000000
0.040028	0.064042	0.000000
0.040424	0.064191	0.000000
0.040820	0.064340	0.000000
0.041216	0.064488	0.000000
0.041612	0.064637	0.000000
0.042008	0.064785	0.000000
0.042404	0.064933	0.000000
0.042800	0.065081	0.000000
0.043196	0.065229	0.000000
0.043592	0.065377	0.000000
0.043988	0.065525	0.000000
0.044384	0.065673	0.000000
0.044780	0.065821	0.000000
0.045176	0.065969	0.000000
0.045572	0.066116	0.000000
0.045968	0.066264	0.000000
0.046364	0.066411	0.000000
0.046760	0.066558	0.000000
0.047156	0.066705	0.000000
0.047552	0.066852	0.000000
0.047948	0.066999	0.000000
0.048344	0.067146	0.000000
0.048740	0.067293	0.000000
0.049136	0.067440	0.000000
0.049532	0.067586	0.000000
0.049928	0.067733	0.000000
0.050324	0.067879	0.000000
0.050720	0.068026	0.000000
0.051116	0.068172	0.000000
0.051512	0.068318	0.000000
0.051909	0.068464	0.000000
0.052305	0.068610	0.000000
0.052701	0.068756	0.000000
0.053097	0.068901	0.000000
0.053493	0.069047	0.000000
0.053889	0.069193	0.000000
0.054285	0.069338	0.000000
0.054681	0.069483	0.000000
0.055077	0.069628	0.000000
0.055473	0.069773	0.000000
0.055869	0.069918	0.000000
0.056265	0.070063	0.000000
0.056661	0.070208	0.000000
0.057057	0.070353	0.000000
0.057453	0.070497	0.000000
0.057849	0.070642	0.000000
0.058245	0.070786	0.000000
0.058641	0.070930	0.000000
0.059037	0.071074	0.000000
0.059433	0.071218	0.000000
0.059829	0.071362	0.000000
0.060225	0.071506	0.000000
0.060621	0.071650	0.000000
0.061017	0.071793	0.000000
0.061413	0.071937	0.000000
0.061809	0.072080	0.000000
0.062205	0.072223	0.000000
0.062601	0.072366	0.000000
0.062997	0.072509	0.000000
0.063393	0.072652	0.000000
0.063789	0.072795	0.000000
0.064185	0.072937	0.000000
0.064581	0.073080	0.000000
0.064977	0.073222	0.000000
0.065373	0.073365	0.000000
0.065769	0.073507	0.000000
0.066165	0.073649	0.000000
0.066561	0.073791	0.000000
0.066957	0.073932	0.000000
0.067353	0.074074	0.000000
0.067749	0.074216	0.000000
0.068145	0.074357	0.000000
0.068541	0.074498	0.000000
0.068937	0.074640	0.000000
0.069333	0.074781	0.000000
0.069729	0.074922	0.000000
0.070125	0.075062	0.000000
0.070521	0.075203	0.000000
0.070917	0.075344	0.000000
0.071313	0.075484	0.000000
0.071709	0.075624	0.000000
0.072105	0.075764	0.000000
0.072501	0.075905	0.000000
0.072897	0.076044	0.000000
0.073293	0.076184	0.000000
0.073689	0.076324	0.000000
0.074085	0.076463	0.000000
0.074481	0.076603	0.000000
0.074877	0.076742	0.000000
0.075273	0.076881	0.000000
0.075669	0.077020	0.000000
0.076065	0.077159	0.000000
0.076461	0.077298	0.000000
0.076857	0.077436	0.000000
0.077253	0.077575	0.000000
0.077649	0.077713	0.000000
0.078045	0.077851	0.000000
0.078441	0.077990	0.000000
0.078837	0.078128	0.000000
0.079233	0.078265	0.000000
0.079629	0.078403	0.000000
0.080025	0.078541	0.000000
0.080421	0.078678	0.000000
0.080817	0.078815	0.000000
0.081213	0.078952	0.000000
0.081609	0.079089	0.000000
0.082005	0.079226	0.000000
0.082401	0.079363	0.000000
0.082797	0.079499	0.000000
0.083193	0.079636	0.000000
0.083589	0.079772	0.000000
0.083985	0.079908	0.000000
0.084381	0.080044	0.000000
0.084777	0.080180	0.000000
0.085173	0.080316	0.000000
0.085569	0.080451	0.000000
0.085965	0.080586	0.000000
0.086361	0.080722	0.000000
0.086757	0.080857	0.000000
0.087153	0.080992	0.000000
0.087549	0.081127	0.000000
0.087945	0.081261	0.000000
0.088341	0.081396	0.000000
0.088737	0.081530	0.000000
0.089133	0.081664	0.000000
0.089529	0.081798	0.000000
0.089925	0.081932	0.000000
0.090321	0.082066	0.000000
0.090717	0.082199	0.000000
0.091113	0.082333	0.000000
0.091509	0.082466	0.000000
0.091905	0.082599	0.000000
0.092301	0.082732	0.000000
0.092697	0.082865	0.000000
0.093093	0.082997	0.000000
0.093489	0.083130	0.000000
0.093885	0.083262	0.000000
0.094281	0.083394	0.000000
0.094677	0.083526	0.000000
0.095073	0.083658	0.000000
0.095469	0.083789	0.000000
0.095865	0.083921	0.000000
0.096261	0.084052	0.000000
0.096657	0.084183	0.000000
0.097053	0.084314	0.000000
0.097449	0.084445	0.000000
0.097845	0.084575	0.000000
0.098241	0.084706	0.000000
0.098637	0.084836	0.000000
0.099033	0.084966	0.000000
0.099429	0.085096	0.000000
0.099825	0.085226	0.000000
0.100221	0.085355	0.000000
0.100617	0.085485	0.000000
0.101013	0.085614	0.000000
0.101409	0.085743	0.000000
0.101805	0.085872	0.000000
0.102201	0.086000	0.000000
0.102597	0.086129	0.000000
0.102993	0.086257	0.000000
0.103389	0.086385	0.000000
0.103785	0.086513	0.000000
0.104181	0.086640	0.000000
0.104577	0.086768	0.000000
0.104973	0.086895	0.000000
0.105369	0.087022	0.000000
0.105765	0.087149	0.000000
0.106161	0.087276	0.000000
0.106557	0.087403	0.000000
0.106953	0.087529	0.000000
0.107349	0.087655	0.000000
0.107745	0.087781	0.000000
0.108141	0.087907	0.000000
0.108537	0.088032	0.000000
0.108933	0.088158	0.000000
0.109329	0.088283	0.000000
0.109725	0.088408	0.000000
0.110121	0.088533	0.000000
0.110517	0.088657	0.000000
0.110913	0.088781	0.000000
0.111309	0.088906	0.000000
0.111705	0.089030	0.000000
0.112101	0.089153	0.000000
0.112497	0.089277	0.000000
0.112893	0.089400	0.000000
0.113289	0.089523	0.000000
0.113685	0.089646	0.000000
0.114081	0.089768	0.000000
0.114477	0.089891	0.000000
0.114873	0.090013	0.000000
0.115269	0.090135	0.000000
0.115665	0.090257	0.000000
0.116061	0.090378	0.000000
0.116457	0.090500	0.000000
0.116853	0.090621	0.000000
0.117249	0.090741	0.000000
0.117645	0.090862	0.000000
0.118041	0.090982	0.000000
0.118437	0.091103	0.000000
0.118833	0.091223	0.000000
0.119229	0.091342	0.000000
0.119625	0.091462	0.000000
0.120021	0.091581	0.000000
0.120417	0.091700	0.000000
0.120813	0.091819	0.000000
0.121210	0.091937	0.000000
0.121606	0.092055	0.000000
0.122002	0.092173	0.000000
0.122398	0.092291	0.000000
0.122794	0.092408	0.000000
0.123190	0.092526	0.000000
0.123586	0.092643	0.000000
0.123982	0.092759	0.000000
0.124378	0.092876	0.000000
0.124774	0.092992	0.000000
0.125170	0.093108	0.000000
0.125566	0.093224	0.000000
0.125962	0.093339	0.000000
0.126358	0.093454	0.000000
0.126754	0.093569	0.000000
0.127150	0.093684	0.000000
0.127546	0.093798	0.000000
0.127942	0.093912	0.000000
0.128338	0.094026	0.000000
0.128734	0.094139	0.000000
0.129130	0.094253	0.000000
0.129526	0.094365	0.000000
0.129922	0.094478	0.000000
0.130318	0.094590	0.000000
0.130714	0.094702	0.000000
0.131110	0.094814	0.000000
0.131506	0.094926	0.000000
0.131902	0.095037	0.000000
0.132298	0.095148	0.000000
0.132694	0.095258	0.000000
0.133090	0.095368	0.000000
0.133486	0.095478	0.000000
0.133882	0.095588	0.000000
0.134278	0.095697	0.000000
0.134674	0.095806	0.000000
0.135070	0.095915	0.000000
0.135466	0.096023	0.000000
0.135862	0.096131	0.000000
0.136258	0.096239	0.000000
0.136654	0.096346	0.000000
0.137050	0.096454	0.000000
0.137446	0.096560	0.000000
0.137842	0.096667	0.000000
0.138238	0.096773	0.000000
0.138634	0.096879	0.000000
0.139030	0.096984	0.000000
0.139426	0.097089	0.000000
0.139822	0.097194	0.000000
0.140218	0.097298	0.000000
0.140614	0.097402	0.000000
0.141010	0.097506	0.000000
0.141406	0.097609	0.000000
0.141802	0.097712	0.000000
0.142198	0.097815	0.000000
0.142594	0.097917	0.000000
0.142990	0.098019	0.000000
0.143386	0.098121	0.000000
0.143782	0.098222	0.000000
0.144178	0.098323	0.000000
0.144574	0.098423	0.000000
