0.000000 54.692560 0.000000
2.810860 54.692560 0.000000
5.621720 54.692560 0.000000
8.432590 54.692560 0.000000
11.243450 54.692560 0.000000
14.054310 54.692560 0.000000
16.865170 54.692560 0.000000
19.676030 54.692560 0.000000
22.486890 54.692560 0.000000
25.297760 54.692560 0.000000
28.108620 54.692560 0.000000
30.919480 54.692560 0.000000
33.730340 54.692560 0.000000
36.541200 54.692560 0.000000
39.352070 54.692560 0.000000
42.162930 54.692560 0.000000
44.973790 54.692560 0.000000
47.784650 54.692560 0.000000
50.595510 54.692560 0.000000
53.406370 54.692560 0.000000
56.217240 54.692560 0.000000
59.028100 54.692560 0.000000
61.838960 54.692560 0.000000
64.649820 54.692560 0.000000
67.460680 54.692560 0.000000
70.271550 54.692560 0.000000
73.082410 54.692560 0.000000
75.893270 54.692560 0.000000
78.704130 54.692560 0.000000
81.514990 54.692560 0.000000
84.325850 54.692560 0.000000
87.136720 54.692560 0.000000
89.947580 54.692560 0.000000
92.758440 54.692560 0.000000
95.569300 54.692560 0.000000
98.380160 54.692560 0.000000
101.191030 54.692560 0.000000
104.001890 54.692560 0.000000
106.812750 54.692560 0.000000
109.623610 54.692560 0.000000
112.434470 54.682620 0.000000
115.245330 54.605770 0.000000
118.056200 54.452770 0.000000
120.867060 54.223290 0.000000
123.677920 53.916810 0.000000
126.488780 53.532650 0.000000
129.299640 53.069940 0.000000
132.110510 52.527600 0.000000
134.921370 51.904360 0.000000
137.732230 51.198700 0.000000
140.543090 50.408890 0.000000
143.353950 49.532900 0.000000
146.164810 48.568420 0.000000
148.975680 47.512810 0.000000
151.786540 46.363050 0.000000
154.597400 45.115710 0.000000
157.408260 43.766860 0.000000
160.219120 42.312020 0.000000
163.029990 40.746070 0.000000
165.840850 39.123210 0.000000
168.651710 37.500360 0.000000
171.462570 35.877510 0.000000
174.273430 34.254660 0.000000
177.084300 32.631810 0.000000
179.895160 31.008960 0.000000
182.706020 29.386100 0.000000
185.516880 27.763250 0.000000
188.327740 26.171100 0.000000
191.138600 24.856700 0.000000
193.949470 23.841990 0.000000
196.760330 23.099070 0.000000
199.571190 22.609720 0.000000
202.382050 22.362790 0.000000
203.904980 22.328140 0.000000
206.715840 22.804230 0.000000
209.526700 23.756080 0.000000
212.337560 24.707380 0.000000
215.148420 25.658100 0.000000
217.959290 26.608200 0.000000
220.770150 27.557630 0.000000
223.581010 28.506370 0.000000
226.391870 29.454350 0.000000
229.202730 30.401520 0.000000
232.013590 31.347810 0.000000
234.824460 32.293160 0.000000
237.635320 33.237470 0.000000
240.446180 34.180660 0.000000
243.257040 35.122620 0.000000
246.067900 36.063190 0.000000
248.878770 37.002240 0.000000
251.689630 37.939570 0.000000
254.500490 38.874960 0.000000
257.311350 39.808100 0.000000
260.122210 40.738630 0.000000
262.933080 41.666060 0.000000
265.743940 42.589730 0.000000
268.554800 43.508700 0.000000
271.365660 44.421610 0.000000
274.176520 45.326140 0.000000
276.987380 46.218170 0.000000
279.798250 47.088180 0.000000
281.086180 47.472600 0.000000
